0828906457855783043401957514738977767408286961842789683107394612720046368959737350846901937565802401
4931820980451081394831189084057617666572706534517212799146944652009029931956646023353768931631553197
5657333818160894702576058289118601622797867280287654133930658501548171374135210472026066945717105065
3702659385920245042324977775463230049370468505325734540694521018967658919818207253769449710958217382
2374429012627794495646519971224409378557249636549228824610015651256668524059278974340169852593817375
0499244353820158877374162046906224315102930012393145478494829811385334895935516633123044258486534587
4203179257391765447218866114517694721962459570714297462954782223482288087035707569092488322909846134
0614671066424700684765336686918470000986955277141255172496098249437134377720386877816645520114974279
3181110362880426347681279993773185715790280657899351656463334732780411821524886242032929187025694124
4198651676286116225616940736551720972547442693048126542809240949057374412268057129632831351082981996
8046460104097617960298290498510130040923798734790675589394923212598284407779056046822872761667062573
8902691171490723871228127085219841346216160797198600585697351335945127654925719329128676537675024196
7860997573849267127402987806128771093769852242532238199212863737050702995100151572724642988584568860
8319511929222142160475542573601804259605511203957497127051949473019991994354635809191129845600159748
7413235386547929061477231043440375920113460045043926292329153251456079708283995921948009155511228637
8355462662062140386274669005539856076506492905064211693700368166178116361675427123707508012735302702
7351708603874850512008142546563251045882688041220434384288905201732907853945882723951562380089790869
4928217886563848346298843223937422317635296476241189803919394265298795478545245757431672341278444393
3077811369387142521810029186194624867825362766923391314791555726382408226247045589092455942069423429
8016467122637893398486553107157821190533138603582874277880897418204427593509935214623905768787263637
0060438590268781192241057498545903836616647356374409340628112081364184174982816846038423222947218158
0346625691661946051631072777588381939536892493664506248068415830548855069224709191525268620352628110
7163166147590266208601175041473380160500075161361751917608978420648720427275149472063256515331678738
4654768593920184554411626087873362756686955880887893049020874153333497781040448222834677160292981335
8482212247600823035195433446466683867421888592235159657167848768019651248364669413632757060484341510
7914869276634877315207119833312882377097987257905587168815671687244913912458499878236523245469422339
9810447419199117377756434241696735130335718118636876618009081093947733802650468414092146381968102628
4153160686386214061599976357096866680454965262919806517404106885646065713856237103750980116859442707
7087193335104105408478673768189402948049916637837617494683420748507831594403694483649448438221371069
9944991120103179013725864560920514274337750655596385485160758942221582730766328511728202095178129656
6307239507400041532652230596570066806576215380839805945002739420775371158134512558905018380758618297
3723784113188701409730944048369918991834914740069119216581125124770334189367723700518582579760594363
5628800572051742588875280313235895452043097243836458502141319026496806004373094216493432843291498909
8962323763034062878512861682477672829737465306984065750181964142898539609886675427462921156819629502
9764466230551518832643652013046345430697773741914705424890270146546722294833645054352441619595804051
0185865075781247137082764948757265530437604712970435440687095376404110438502537352524146726988677211
8101103499020349435259839896699495838205059650443930714846596969582443071633864422308170953678680512
5191242823789037102415531282418568159068099251205459634270887957035514086944087004369452357762465463
4709886619158777831571222542960880322382533810667008067453121992170522967719812827705750344784561347
7501523763087931839514732937655083558954352551850170385260304555183704718574824493042624791842202753
5653618691902770845284509223915847691832256474186508702492635940099112276282069606433727692798983659
7226204976075852975608247878844593877211347267901973262394558002685620063296025476634973161527328741
2636617775731909594737254500591819845548069359100400272699401916770128169367021833240467862074500539
7485782580064267184627543605602513183120599211807406103307673172529393396494773273373190427267637427
3990152763131774019751004803716381596245949238889443605505460699269145361381046766317837599450830483
9237296515993054721373450551499747213134057382342329345433216868240704855967275301676231118849002528
1603641089821953887525139853145930624032264842116713462455887827917136672475425589115302766364940557
1511180042743405140876034751877705714197069451500093407554677633991676408142922065605258838929168066
5535026213228763920089594101086809078163556040795859825991444029584174200520037841954238598899518786
5540390821551114692829135505726493214904882187591904893920719694914131573333676000496471226205990646
7563558818905592766088568966423140045399031119123548464856382842485297935206752496675450879439658741
2522827295850790496780881603438549845980605518574556269036707407201208048433565643961601496481094117
6875823949556405278479568274966772986330389473910027281350619060614234912473229432256348339828629968
0680447428233261840209444561654129678870153708444236890877339165870928278705778462551487443233951956
0971348739669041263503288154234685479618747686221391273601621652091096069565348813878623404621094569
1656501644702687947857693469364630857166579137159817872323307926160201981076050020595949051529436464
0290924974941642162128480581012432768162085822949399061115661722516448742998760837100877551882661647
5565705422352334644883369194040006324866557210084160365934907353464373423438234072907717456233417534
5359873162612952657462896103081383417881537317002761109849783027242600162479484177799781070275185727
8685600464552958395427184112951473317208726532224737391985944214217545490845702329515533876436804647
4738078323331274065870798845242548280310867205049235903652564842818290433662569905748473562643599618
4091304365996703522462539893000486719508364382435901072872076079956669348330711675786999910067539779
5653085286857604683388877271297162902168735410329822309477582696762408773485178688638765951310568333
4982483194199823108267196301541195348225616994594996933807281362034308288282958353716762509322747732
4040973061003174776553845777485429575336691021738753330476085305570934189536498213738734040908270452
4648130835022946034197685985627029265219087141380049032766194008434458448071899610026216809388837500
7969671334812521610012735998367964675366443753919909778755488284554727371478889574944705537181597294
3809458262648126841680615125029732464764024292840750283572449952734984717970829592072501326378338163
5080042243950937906369759033137738638720628335915454221988423617226206901788016227612760100026582130
0855802544617398395583417860033873652931305370564439688758190835387808512883919725371847701843390826
8536217429779087559163882483855411950844204725909241492763018931202568985096498934842816152947489158
5985246401478207560306934591039191542902681684836583123639593894533965897430293931979260418724006706
0280111268381034033866736466532291430414685019521165963010729144800012388436306450249083569611621951
8648886694836128098146555325931907137737217478607998313328744938241561783141749985376359322840864646
7230790982736103842169391327655154723552165474399331425635352984162024253671722192820557961273052877
6133094987066191947980414943111518093680694437568721774569406870053007417616916219163647216447241128
6181775642246940823562391699146234617665286963153349189036718851920655386002488168564925648343312086
1070520132919289393647625615758005513385975715747154000809498457603433616993296416840521484690785129
2769017635580178112207799251351404311047602493528901103731907308896858706284999506340914336097670310
2875125373873808075624792086103100019838767650475269667138282472727958719929071975907667993299944978
4703047056405884430773468846349751086080312408657753176058275386673438500118865416643369052338328680
7622369819495898923361038543060856316079179961375198387754954623120071253161598796439392573631766943
9824646248898580601595742921382841249595072262812305822381508293522567457814723962008157457604512608
1339916682271421216802132146439339152805448687962382542152694429234464316222148930867878224420809933
4103087365145250581729332139671587052385525374582278780183843459363138907901025990141735817004038199
2634641784958693660515603303896288744194537198189791316454515437113564722616980941982277696221660123
3955400268345382747646871363305377961379605547141809786563430659790730141776805885791479366197017462
0622416335083031115103099723337951370592405488601573130162065686435134255892915762749122119801389465
0429312658538721993203871888753692584010689960492830405910543266821756687802492344782691230825011257
0491650617373986311365389214949375981842196494109709495747014637851458933942936627274061709875750689
2746289271075975910380117977927246932748509926049157274178914607550682946380618978551321124326580946
1864141309481410673281864084405770061855001548437429015529798975103350913786220088996413210594061304
2785302555519857998501074853000060251943035486147660165482657579488996151665913698115783077366646933
9148933763501964309806024700996977475245065486891841829476482205654734224324114026746693353092850409
5262009513299581695503022529850287356843445029982902057774845521727669189787733227248066916727172566
6518761267617479845337338975791015310261542101272871019925956750509653355668609174157881363198018723
8241140197693529401097298574435671714411548446554030835971399050173800675555546838183074180902242399
4036360295212900058869013374003988124982987550514827569434974579011156114769167445966674729544708259
2698025105916572527859423152355875557738690136531363121476122749101224103343318601445073989727166956
5770598745165426743407198152425401382713787920593591452273036812337673255097522152696278569398676583
